00100110 10100110 11001110 10010110 10110110
11110110 01001110 00001110 10011110 10000110
11101110 10000110 10100110 01101110 10010110
11100110 10100110 10101110 01001110 00101110
10000110 11001110 10010110 00001110 10100110
00101110 11001110 00101110 11001110 10000110
00110110 10011110 01001110 10100110 01101110
00101110 10010110 11100110 01110110 10010110
10100110 10100110 11001110 00101110 11110110
01110110 10100110 01001110 10101110 11110110
10011110 00101110 10101110 01000110 11001110
10100110 10011110 10100110 01001110 10101110
11110110 10011110 01100110 11110110 00101110
01110110 11110110 01001110 01100110 01110110
10010110 11001110 00101110 10010110 00100110
01001110 11110110 11101110 11001110 11001110
10000110 00001110 10100110 00010110 00101110
10011110 10000110 11101110 10000110 10100110
01101110 10010110 11100110 00101110 01110110
11110110 11101110 10100110 11101110 11100110
01110110 10000110 10011110 01110110 10010110
10011110 10100110 11000110 10010110 11110110
00010110 11000110 10010110 00010110 11000110
01001110 10000110 10100110 01001110 11110110
01100110 10100110 01000110 11001110 00100110
01001110 11110110 11101110 00101110 11001110
10000110 00110110 00101110 11001110 10010110
00110110 10110110 10101110 11001110 00011110
10010110 01001110 00101110 10000110 10110110
11001110 10100110 10110110 10010110 01001110
00001110 10100110 10101110 00110110 01000110
11101110 11110110 00110110 00110110 10100110
10011110
